000000481567
000000319617
000000449603
000000105014
000000387916
000000122672
000000512985
000000542625
000000433774
000000390246
000000466835
000000172547
000000129756
000000178028
000000177383
000000503841
000000016228
000000304365
000000352900
000000381360
000000062025
000000537153
000000243034
000000502336
000000446703
000000417085
000000350003
000000391290
000000529528
000000115898
000000218091
000000250766
000000451693
000000172977
000000213422
000000243148
000000347664
000000347544
000000343561
000000436883
000000132544
000000311909
000000376284
000000407614
000000095786
000000322959
000000425361
000000298994
000000245311
000000080274
000000426372
000000084492
000000505638
000000267670
000000389316
000000281409
000000311392
000000388927
000000377575
000000460841
000000410934
000000567898
000000085576
000000148620
000000522393
000000429109
000000018193
000000386879
000000070739
000000318080
000000192699
000000240049
000000140556
000000283520
000000512476
000000439773
000000446005
000000460160
000000339442
000000314264
000000122217
000000569030
000000149375
000000447313
000000028809
000000198960
000000272566
000000322211
000000573943
000000319100
000000458790
000000269932
000000187585
000000402774
000000088040
000000576566
000000323202
000000513283
000000304812
000000100510